AMPCORR1	AMPCORR2	AMPCORR3	AMPCORR4	AMPCORR5	
0,7468	0,6892	0,6472	0,6182	0,6045	
0,6094	0,5602	0,5281	0,5073	0,4967	
0,6671	0,6216	0,592	0,5737	0,5651	
0,6603	0,6133	0,581	0,5601	0,5493	
0,666	0,6189	0,5858	0,5658	0,5569	
0,6536	0,6061	0,5712	0,5489	0,5391	
0,6039	0,5591	0,5267	0,5071	0,5008	
0,5794	0,5358	0,5083	0,493	0,489	
0,6188	0,5765	0,5498	0,5345	0,5296	
0,6602	0,6196	0,5936	0,5782	0,5722	
0,6737	0,6337	0,6076	0,5916	0,585	
0,6725	0,629	0,6003	0,5828	0,5753	
0,6526	0,6076	0,5783	0,5609	0,5537	
0,641	0,5963	0,5671	0,5508	0,5449	
0,6486	0,6035	0,5742	0,5579	0,5519	
0,649	0,6021	0,5714	0,5541	0,5478	
0,6277	0,581	0,5508	0,5342	0,5286	
0,6134	0,5675	0,5382	0,5222	0,5168	
0,605	0,5597	0,5316	0,5165	0,5116	
0,6077	0,5623	0,5341	0,5187	0,5134	
0,6073	0,562	0,5336	0,5181	0,5129	
0,6055	0,5608	0,5323	0,517	0,5119	
0,5983	0,5527	0,5239	0,5084	0,5033	
0,5985	0,5532	0,5244	0,5089	0,5038	
0,5971	0,5519	0,5237	0,5086	0,5036	
0,5936	0,548	0,5194	0,5043	0,4995	
0,5919	0,546	0,5173	0,5022	0,497	
0,5947	0,5484	0,5193	0,5038	0,4984	
0,6	0,5536	0,5244	0,5085	0,5026	
0,5937	0,5478	0,5196	0,5056	0,5011	
0,594	0,5483	0,5202	0,5063	0,5018	
0,5938	0,5481	0,5199	0,5057	0,5008	
0,5912	0,5453	0,5168	0,5026	0,4976	
0,5872	0,541	0,5124	0,4982	0,4933	
0,5834	0,5372	0,5089	0,4947	0,4899	
0,582	0,5357	0,5073	0,493	0,4881	
0,5816	0,5348	0,506	0,4913	0,4861	
0,5817	0,5346	0,5055	0,4905	0,4851	
0,5818	0,5343	0,5051	0,49	0,4846	
0,5766	0,5294	0,5004	0,4856	0,4806	
0,5735	0,5265	0,4977	0,4827	0,4779	
0,5723	0,5251	0,4963	0,4816	0,477	
0,5718	0,5247	0,4959	0,4812	0,4765	
0,5699	0,5227	0,4939	0,4794	0,475	
0,5696	0,5228	0,4942	0,4796	0,475	
0,5673	0,5209	0,4926	0,4782	0,4738	
0,5672	0,5208	0,4924	0,4779	0,4733	
0,5665	0,5203	0,4921	0,4776	0,4727	
0,5709	0,5247	0,4963	0,4814	0,4762	
0,5696	0,5232	0,4949	0,4802	0,4752	
0,5683	0,5219	0,4935	0,4787	0,4737	
0,5647	0,5187	0,4907	0,4762	0,4715	
0,5619	0,516	0,4881	0,4737	0,4691	
0,5633	0,5169	0,4886	0,4739	0,4691	
0,5616	0,5156	0,4876	0,4733	0,4689	
0,5618	0,5152	0,4868	0,4723	0,4678	
0,5597	0,513	0,4846	0,4699	0,4652	
0,5573	0,5109	0,4827	0,4681	0,4636	
0,5567	0,5099	0,4815	0,4668	0,4623	
0,5595	0,5127	0,4843	0,4696	0,4649	
0,5591	0,5121	0,4834	0,4686	0,4638	
0,5592	0,5123	0,4837	0,4688	0,4641	
0,56	0,5131	0,4842	0,4692	0,4644	
0,557	0,5103	0,4818	0,4669	0,4622	
0,554	0,5077	0,4795	0,465	0,4606	
0,5528	0,5064	0,4783	0,4639	0,4595	
0,5553	0,5089	0,4807	0,4661	0,4616	
0,558	0,5117	0,4836	0,4689	0,4643	
0,5573	0,5111	0,483	0,4685	0,4638	
0,5581	0,5117	0,4834	0,4688	0,4643	
0,5556	0,5092	0,4813	0,467	0,4627	
0,5545	0,508	0,4801	0,4658	0,4616	
0,5546	0,5079	0,4798	0,4654	0,4611	
0,5531	0,5064	0,4785	0,4643	0,4602	
0,5528	0,5064	0,4786	0,4646	0,4604	
0,5574	0,5107	0,4828	0,4685	0,4642	
0,5568	0,5101	0,482	0,4676	0,4631	
0,5559	0,5092	0,4811	0,4666	0,462	
0,5567	0,5099	0,4818	0,4675	0,4631	
0,5567	0,5108	0,4833	0,4695	0,4654	
0,5567	0,5108	0,4835	0,47	0,4663	
0,555	0,5093	0,4821	0,4686	0,465	
0,5545	0,5087	0,4814	0,4679	0,4642	
0,5544	0,5085	0,4811	0,4674	0,4635	
0,5537	0,5077	0,4802	0,4665	0,4627	
0,5542	0,5082	0,4807	0,467	0,4632	
0,5546	0,5088	0,4814	0,4677	0,4639	
0,5546	0,5087	0,4812	0,4675	0,4636	
0,5541	0,5082	0,4806	0,4667	0,4628	
0,5536	0,5075	0,4798	0,4658	0,4619	
0,5544	0,5084	0,4805	0,4664	0,4624	
0,5554	0,5094	0,4816	0,4676	0,4635	
0,5563	0,5102	0,4823	0,4682	0,4641	
0,5554	0,5091	0,4812	0,467	0,463	
0,5541	0,5078	0,4799	0,4657	0,4617	
0,5528	0,5064	0,4784	0,4643	0,4603	
0,5515	0,5052	0,4772	0,4632	0,4592	
0,5523	0,5059	0,4778	0,4637	0,4596	
0,5522	0,5057	0,4776	0,4636	0,4596	
0,5541	0,5076	0,4795	0,4654	0,4615	
0,5558	0,5093	0,4811	0,4669	0,4626	
0,5566	0,5101	0,4818	0,4675	0,4634	
0,5555	0,5088	0,4807	0,4665	0,4625	
0,5551	0,5082	0,4799	0,4658	0,4618	
0,5536	0,5068	0,4787	0,4647	0,4607	
0,5539	0,5073	0,4791	0,465	0,461	
0,5532	0,5067	0,4787	0,4647	0,4609	
0,552	0,5055	0,4777	0,4639	0,4603	
0,5514	0,5048	0,4769	0,4631	0,4594	
0,5517	0,5051	0,4771	0,4633	0,4597	
0,5533	0,5066	0,4786	0,4646	0,4609	
0,5524	0,5056	0,4775	0,4635	0,4599	
0,5519	0,5051	0,4768	0,4628	0,4592	
0,5511	0,5042	0,476	0,4619	0,4581	
0,5519	0,505	0,4768	0,4627	0,4588	
0,5513	0,5045	0,4762	0,4622	0,4584	
0,5504	0,5037	0,4756	0,4617	0,458	
0,5497	0,503	0,4748	0,4608	0,457	
0,5492	0,5023	0,4741	0,4601	0,4564	
0,5481	0,5012	0,473	0,459	0,4553	
0,5485	0,5017	0,4735	0,4594	0,4556	
0,5509	0,504	0,4756	0,4614	0,4575	
0,5524	0,5054	0,4769	0,4626	0,4587	
0,5518	0,5047	0,4762	0,462	0,4581	
0,5511	0,5041	0,4756	0,4613	0,4573	
0,5496	0,5026	0,4741	0,4599	0,456	
0,5489	0,5021	0,4736	0,4594	0,4555	
0,5493	0,5025	0,4741	0,4599	0,4559	
0,5496	0,5028	0,4744	0,4603	0,4564	
0,5518	0,5049	0,4763	0,4623	0,4584	
0,5525	0,5055	0,4769	0,4629	0,4592	
0,5514	0,5044	0,4758	0,4619	0,4583	
0,5516	0,5047	0,4763	0,4625	0,4589	
0,552	0,505	0,4764	0,4626	0,4589	
0,5519	0,5048	0,4761	0,4621	0,4584	
0,5519	0,5048	0,4761	0,4623	0,4587	
0,5512	0,504	0,4754	0,4615	0,4579	
0,5512	0,5042	0,4756	0,4617	0,4581	
0,5517	0,5047	0,4761	0,4622	0,4584	
0,5507	0,5039	0,4754	0,4616	0,458	
0,5508	0,504	0,4754	0,4616	0,4579	
0,551	0,504	0,4754	0,4615	0,4577	
0,5501	0,5032	0,4746	0,4608	0,4571	
0,5497	0,5029	0,4743	0,4606	0,4569	
0,5503	0,5034	0,4748	0,461	0,4573	
0,5512	0,5043	0,4757	0,4619	0,4581	
0,5524	0,5056	0,477	0,463	0,4591	
0,553	0,5061	0,4775	0,4636	0,4597	
0,553	0,5061	0,4775	0,4636	0,4596	
0,5526	0,5058	0,4773	0,4634	0,4596	
0,5518	0,5052	0,4768	0,463	0,4592	
0,5515	0,505	0,4767	0,4629	0,4591	
0,5518	0,5052	0,4768	0,463	0,4592	
0,5519	0,5052	0,4767	0,4628	0,4589	
0,5521	0,5053	0,4769	0,463	0,4591	
0,5525	0,5056	0,477	0,463	0,459	
0,5522	0,5053	0,4767	0,4627	0,4588	
0,5522	0,5053	0,4766	0,4626	0,4587	
0,5513	0,5044	0,4758	0,4618	0,458	
0,5513	0,5043	0,4757	0,4617	0,4578	
0,5516	0,5047	0,476	0,462	0,458	
0,5513	0,5043	0,4756	0,4616	0,4579	
0,551	0,5039	0,4752	0,4612	0,4574	
0,5497	0,5027	0,4741	0,4602	0,4565	
0,5491	0,5022	0,4736	0,4598	0,456	
0,5488	0,502	0,4735	0,4597	0,4559	
0,5487	0,5018	0,4734	0,4596	0,456	
0,5482	0,5014	0,4729	0,4591	0,4554	
0,5484	0,5016	0,4732	0,4594	0,4557	
0,5488	0,5021	0,4737	0,46	0,4563	
0,5482	0,5014	0,4731	0,4594	0,4557	
0,5483	0,5014	0,4731	0,4593	0,4556	
0,5492	0,5023	0,4738	0,4599	0,4561	
0,5483	0,5015	0,4732	0,4595	0,4558	
0,5478	0,501	0,4727	0,459	0,4553	
0,5465	0,4999	0,4718	0,4582	0,4546	
0,5469	0,5001	0,472	0,4584	0,4548	
0,5465	0,4998	0,4717	0,4582	0,4546	
0,5455	0,4989	0,471	0,4576	0,4542	
0,546	0,4994	0,4716	0,4583	0,4549	
0,5457	0,4991	0,4713	0,458	0,4546	
0,545	0,4986	0,4709	0,4576	0,4542	
0,5444	0,498	0,4703	0,4571	0,4537	
0,544	0,4976	0,47	0,4568	0,4535	
0,5449	0,4984	0,4707	0,4575	0,4541	
0,5447	0,4982	0,4704	0,4571	0,4537	
0,5445	0,498	0,4702	0,457	0,4536	
0,5447	0,4982	0,4705	0,4572	0,4539	
0,5441	0,4977	0,4701	0,457	0,4537	
0,5434	0,4971	0,4697	0,4567	0,4535	
0,5434	0,4972	0,4699	0,457	0,4538	
0,5453	0,4992	0,4719	0,4589	0,4557	
0,5459	0,4998	0,4726	0,4597	0,4565	
0,5459	0,4998	0,4725	0,4596	0,4564	
0,5456	0,4995	0,4723	0,4595	0,4563	
0,5453	0,4993	0,4721	0,4592	0,456	
0,5447	0,4988	0,4717	0,4589	0,4558	
0,544	0,4982	0,4711	0,4584	0,4552	
0,5432	0,4975	0,4705	0,4578	0,4547	
