CORR	IUF	SV	CORRDV	CORRDVIUF	IUF2	AMPCORR	
0,5512	0,5664	0,7971	0,613	0,8278	0,7686	0,4502	
0,5449	0,527	0,7726	0,5993	0,7933	0,7533	0,4619	
0,6366	0,6121	0,8409	0,6868	0,8604	0,8254	0,5317	
0,6088	0,5878	0,8209	0,6742	0,8423	0,7991	0,5095	
0,5653	0,5536	0,7859	0,633	0,8062	0,7611	0,4797	
0,5513	0,5466	0,794	0,6214	0,8151	0,7652	0,4676	
0,538	0,5417	0,7848	0,6139	0,8074	0,7536	0,4577	
0,5311	0,5286	0,7715	0,6044	0,7927	0,7425	0,449	
0,5217	0,5187	0,7592	0,5936	0,7801	0,7307	0,4399	
0,5189	0,5173	0,763	0,5921	0,7855	0,7336	0,4359	
0,5054	0,5056	0,7502	0,5822	0,7725	0,7226	0,4266	
0,5043	0,5035	0,7457	0,5767	0,7681	0,7196	0,4227	
0,5066	0,5054	0,7396	0,5773	0,762	0,7146	0,4251	
0,5025	0,5023	0,7379	0,5774	0,7609	0,7123	0,4201	
0,5013	0,5008	0,7411	0,5814	0,7637	0,7146	0,4187	
0,4998	0,4998	0,7403	0,5806	0,7645	0,7128	0,4178	
0,5005	0,499	0,7453	0,58	0,7688	0,7175	0,4182	
0,4987	0,4993	0,7464	0,5775	0,7692	0,7183	0,4186	
0,5028	0,5034	0,7476	0,5815	0,7704	0,7209	0,4216	
0,4964	0,4975	0,7457	0,5757	0,7683	0,719	0,4162	
0,4945	0,4951	0,7468	0,5732	0,7698	0,7206	0,4159	
0,4976	0,5017	0,7495	0,5785	0,7725	0,723	0,4203	
0,4929	0,4963	0,7443	0,5729	0,7668	0,7181	0,4167	
0,4943	0,4994	0,7425	0,5758	0,7646	0,7161	0,4181	
0,4945	0,4986	0,7411	0,5753	0,763	0,7148	0,4179	
0,4903	0,4961	0,7378	0,573	0,7597	0,7115	0,4152	
0,488	0,4925	0,7371	0,5693	0,7586	0,7108	0,4135	
0,4889	0,4953	0,7385	0,5739	0,7597	0,7118	0,4138	
0,4868	0,4929	0,736	0,5711	0,7563	0,7097	0,4115	
0,4887	0,4954	0,7385	0,5724	0,7584	0,7124	0,4134	
0,4874	0,4937	0,7365	0,5708	0,7563	0,7102	0,4113	
0,4836	0,4906	0,7344	0,5692	0,7541	0,7076	0,4094	
0,4847	0,4913	0,7331	0,5695	0,7532	0,707	0,4099	
0,4893	0,4953	0,7372	0,5733	0,7574	0,7112	0,4141	
0,4874	0,496	0,7337	0,5715	0,754	0,7083	0,4122	
0,4903	0,4981	0,7391	0,5745	0,7592	0,7135	0,4154	
0,4903	0,498	0,7386	0,5745	0,7588	0,7132	0,4157	
0,4898	0,4974	0,7363	0,5733	0,7564	0,7111	0,4157	
0,4883	0,4952	0,734	0,5714	0,754	0,7089	0,4142	
0,49	0,4971	0,733	0,5729	0,7534	0,7084	0,4149	
0,4887	0,4945	0,7303	0,5708	0,7507	0,7061	0,4135	
0,4871	0,4925	0,728	0,5689	0,7484	0,7042	0,4122	
0,485	0,4909	0,7273	0,5673	0,7472	0,7035	0,4114	
0,4833	0,4896	0,7262	0,5668	0,7458	0,7027	0,4099	
0,4812	0,4871	0,7235	0,5647	0,7429	0,7002	0,4076	
0,4817	0,4866	0,7238	0,5652	0,7433	0,7003	0,4072	
0,4822	0,487	0,7236	0,565	0,743	0,7003	0,4074	
0,4833	0,4873	0,7236	0,5653	0,7432	0,7003	0,4074	
0,4843	0,4879	0,725	0,5657	0,7448	0,7016	0,4079	
0,4846	0,4879	0,7255	0,5658	0,7455	0,702	0,4083	
0,4856	0,4892	0,7265	0,5667	0,7465	0,7028	0,4094	
0,4872	0,4905	0,7271	0,5678	0,7469	0,7035	0,4108	
0,4867	0,4894	0,7244	0,5669	0,7439	0,7012	0,4098	
0,4879	0,4912	0,7254	0,5682	0,7447	0,7022	0,4104	
0,4902	0,4929	0,7265	0,5699	0,7458	0,7036	0,4122	
0,49	0,4928	0,7258	0,5698	0,7451	0,7029	0,4119	
0,4904	0,4932	0,7255	0,5702	0,7447	0,7026	0,4119	
0,4898	0,4923	0,7245	0,5703	0,7434	0,7016	0,4118	
0,4954	0,4975	0,7285	0,5767	0,7473	0,7056	0,4179	
0,5006	0,5024	0,7325	0,5819	0,751	0,7097	0,4233	
0,5005	0,5018	0,731	0,5811	0,7497	0,7085	0,4229	
0,5011	0,502	0,7306	0,5807	0,749	0,7082	0,4237	
0,5029	0,5032	0,7305	0,582	0,7489	0,7085	0,4255	
0,5027	0,5028	0,7312	0,5815	0,7495	0,7089	0,4254	
0,503	0,503	0,7304	0,5813	0,7488	0,708	0,4262	
0,5025	0,5021	0,7298	0,5808	0,7484	0,7077	0,4259	
0,5046	0,5031	0,7306	0,5821	0,749	0,7086	0,4274	
0,5053	0,504	0,7313	0,5827	0,7495	0,7093	0,4284	
0,5051	0,5036	0,7313	0,5831	0,7496	0,7092	0,428	
0,5056	0,5035	0,7303	0,5829	0,7484	0,7084	0,4285	
0,5077	0,5051	0,7325	0,585	0,7507	0,7107	0,4301	
0,5081	0,5046	0,7321	0,5857	0,7501	0,7104	0,4297	
0,507	0,5031	0,7296	0,5841	0,7476	0,7082	0,4283	
0,5061	0,5021	0,7277	0,5828	0,7456	0,7064	0,4272	
0,5056	0,5016	0,7281	0,5828	0,746	0,7067	0,4265	
0,5052	0,5011	0,7282	0,5826	0,746	0,7068	0,4258	
0,5049	0,5007	0,728	0,5819	0,7457	0,7067	0,4254	
0,5058	0,501	0,7283	0,5826	0,7462	0,707	0,4257	
0,5051	0,5008	0,7277	0,582	0,7455	0,7063	0,425	
0,5053	0,5001	0,7276	0,5824	0,7455	0,7064	0,4246	
0,5051	0,4999	0,7279	0,5827	0,7459	0,7067	0,424	
0,5072	0,5014	0,7294	0,5841	0,7472	0,7082	0,4253	
0,5074	0,5015	0,7291	0,5843	0,7469	0,708	0,4251	
0,5076	0,5018	0,7289	0,5846	0,7468	0,7077	0,4255	
0,5076	0,5017	0,7287	0,5845	0,7465	0,7076	0,4255	
0,5065	0,5013	0,7287	0,5841	0,7465	0,7074	0,425	
0,5057	0,5009	0,7295	0,5835	0,7471	0,7081	0,4244	
0,5055	0,5008	0,7298	0,5834	0,7474	0,7085	0,424	
0,5064	0,5014	0,7301	0,5842	0,7477	0,709	0,4245	
0,506	0,501	0,7297	0,5839	0,7473	0,7087	0,4243	
0,5052	0,5002	0,7285	0,5828	0,7461	0,7077	0,4235	
0,5035	0,4995	0,7276	0,5816	0,7453	0,7069	0,4226	
0,5047	0,5006	0,7288	0,5829	0,7465	0,7081	0,4238	
0,5036	0,5003	0,7279	0,5822	0,7456	0,7072	0,4232	
0,503	0,5	0,7282	0,5821	0,7458	0,7074	0,4231	
0,502	0,4994	0,7285	0,5819	0,7459	0,7075	0,4227	
0,5024	0,4998	0,7287	0,5826	0,7463	0,7078	0,4231	
0,5016	0,4991	0,7288	0,5818	0,7462	0,7078	0,4224	
0,5013	0,499	0,7293	0,5817	0,7468	0,7081	0,4221	
